0.406738 0.398389 0.391816 0.398477 0.391202 0.388934
0.373301 0.412006 0.378606 0.402743 0.39952 0.414001
0.39952 0.414001 0.381257 0.426829 0.373301 0.412006
0.391816 0.398477 0.406738 0.398389 0.39952 0.414001
0.360465 0.417857 0.365116 0.403571 0.373301 0.412006
0.378437 0.394416 0.381531 0.38905 0.391202 0.388934
0.390278 0.383019 0.384024 0.384951 0.384112 0.380983
0.391202 0.388934 0.391816 0.398477 0.378437 0.394416
0.385347 0.378967 0.385465 0.377406 0.38889 0.378804
0.360465 0.417857 0.381257 0.426829 0.356977 0.431429
0.381531 0.38905 0.374419 0.389286 0.377571 0.385413
0.382804 0.378984 0.383844 0.377706 0.385347 0.378967
0.373301 0.412006 0.381257 0.426829 0.360465 0.417857
0.381531 0.38905 0.378437 0.394416 0.374419 0.389286
0.395058 0.377321 0.390278 0.383019 0.38889 0.378804
0.383844 0.377706 0.384884 0.376429 0.385465 0.377406
0.39952 0.414001 0.378606 0.402743 0.391816 0.398477
0.378606 0.402743 0.378437 0.394416 0.391816 0.398477
0.385347 0.378967 0.38889 0.378804 0.384112 0.380983
0.376744 0.500714 0.394654 0.489994 0.4 0.505
0.413689 0.480033 0.434884 0.490567 0.394654 0.489994
0.382579 0.463305 0.394654 0.489994 0.363954 0.473571
0.390278 0.383019 0.391202 0.388934 0.384024 0.384951
0.401535 0.38534 0.422093 0.38 0.406738 0.398389
0.35814 0.46 0.382579 0.463305 0.363954 0.473571
0.391202 0.388934 0.390278 0.383019 0.401535 0.38534
0.487209 0.496429 0.469767 0.503571 0.467498 0.489873
0.383844 0.377706 0.385465 0.377406 0.385347 0.378967
0.4 0.505 0.394654 0.489994 0.423256 0.505714
0.467498 0.489873 0.469767 0.503571 0.446512 0.505714
0.395058 0.377321 0.40407 0.378214 0.401535 0.38534
0.384024 0.384951 0.391202 0.388934 0.381531 0.38905
0.385347 0.378967 0.384112 0.380983 0.382804 0.378984
0.446512 0.505714 0.423256 0.505714 0.434884 0.490567
0.398784 0.451591 0.356977 0.445714 0.381257 0.426829
0.374419 0.389286 0.378437 0.394416 0.369767 0.396429
0.524391 0.39998 0.513954 0.385 0.537209 0.385714
0.377571 0.385413 0.384024 0.384951 0.381531 0.38905
0.560465 0.382857 0.583721 0.380714 0.57582 0.397047
0.384024 0.384951 0.380724 0.38154 0.384112 0.380983
0.557082 0.40961 0.537209 0.385714 0.560465 0.382857
0.390552 0.376875 0.395058 0.377321 0.38889 0.378804
0.382804 0.378984 0.384112 0.380983 0.380724 0.38154
0.490698 0.385714 0.47907 0.40202 0.467442 0.385714
0.57582 0.397047 0.557082 0.40961 0.560465 0.382857
0.385465 0.377406 0.386046 0.376429 0.388299 0.376652
0.585936 0.419007 0.57582 0.397047 0.615116 0.41
0.406738 0.398389 0.391202 0.388934 0.401535 0.38534
0.585936 0.419007 0.553792 0.437653 0.557082 0.40961
0.540698 0.503571 0.525634 0.491071 0.551179 0.48913
0.509201 0.487504 0.524667 0.476687 0.525634 0.491071
0.617442 0.424286 0.585936 0.419007 0.615116 0.41
0.369767 0.396429 0.378437 0.394416 0.378606 0.402743
0.610465 0.395714 0.583721 0.380714 0.604651 0.381429
0.44963 0.409967 0.444186 0.383571 0.467442 0.385714
0.610465 0.495714 0.591056 0.486622 0.613953 0.481429
0.384884 0.376429 0.386046 0.376429 0.385465 0.377406
0.509201 0.487504 0.497674 0.5 0.49186 0.486429
0.525634 0.491071 0.527907 0.505714 0.515116 0.504286
0.49186 0.486429 0.501321 0.477955 0.509201 0.487504
0.390552 0.376875 0.38889 0.378804 0.388299 0.376652
0.385465 0.377406 0.388299 0.376652 0.38889 0.378804
0.515116 0.504286 0.497674 0.5 0.509201 0.487504
0.384024 0.384951 0.377571 0.385413 0.380724 0.38154
0.525634 0.491071 0.540698 0.503571 0.527907 0.505714
0.551179 0.48913 0.524667 0.476687 0.571459 0.476818
0.40407 0.378214 0.422093 0.38 0.401535 0.38534
0.619767 0.452857 0.617442 0.467143 0.586676 0.458039
0.551179 0.48913 0.591056 0.486622 0.563953 0.502857
0.591056 0.486622 0.610465 0.495714 0.587209 0.501429
0.373301 0.412006 0.365116 0.403571 0.378606 0.402743
0.38889 0.378804 0.390278 0.383019 0.384112 0.380983
0.486047 0.482143 0.487209 0.496429 0.467498 0.489873
0.551179 0.48913 0.563953 0.502857 0.540698 0.503571
0.501321 0.477955 0.49186 0.486429 0.486047 0.482143
0.390278 0.383019 0.395058 0.377321 0.401535 0.38534
0.406738 0.398389 0.422093 0.38 0.444186 0.383571
0.490698 0.385714 0.524391 0.39998 0.504387 0.410682
0.481597 0.463415 0.501321 0.477955 0.486047 0.482143
0.369767 0.396429 0.378606 0.402743 0.365116 0.403571
0.406738 0.398389 0.444186 0.383571 0.44963 0.409967
0.398784 0.451591 0.382579 0.463305 0.356977 0.445714
0.524667 0.476687 0.509201 0.487504 0.501321 0.477955
0.509201 0.487504 0.525634 0.491071 0.515116 0.504286
0.458942 0.434574 0.413632 0.432903 0.44963 0.409967
0.356977 0.445714 0.356977 0.431429 0.381257 0.426829
0.406738 0.398389 0.44963 0.409967 0.39952 0.414001
0.524391 0.39998 0.490698 0.385714 0.513954 0.385
0.501321 0.477955 0.481597 0.463415 0.510628 0.460873
0.613953 0.481429 0.595533 0.472428 0.617442 0.467143
0.423256 0.505714 0.394654 0.489994 0.434884 0.490567
0.486047 0.482143 0.467498 0.489873 0.464113 0.474546
0.35814 0.46 0.356977 0.445714 0.382579 0.463305
0.486047 0.482143 0.464113 0.474546 0.481597 0.463415
0.57582 0.397047 0.585936 0.419007 0.557082 0.40961
0.510628 0.460873 0.524667 0.476687 0.501321 0.477955
0.546334 0.45917 0.510628 0.460873 0.553792 0.437653
0.591056 0.486622 0.595533 0.472428 0.613953 0.481429
0.563953 0.502857 0.591056 0.486622 0.587209 0.501429
0.571459 0.476818 0.586676 0.458039 0.595533 0.472428
0.524667 0.476687 0.551179 0.48913 0.525634 0.491071
0.591056 0.486622 0.551179 0.48913 0.571459 0.476818
0.47907 0.40202 0.490698 0.385714 0.504387 0.410682
0.481597 0.463415 0.464113 0.474546 0.442627 0.451063
0.381257 0.426829 0.39952 0.414001 0.413632 0.432903
0.442627 0.451063 0.464113 0.474546 0.413689 0.480033
0.531111 0.417126 0.490181 0.43659 0.504387 0.410682
0.597059 0.432072 0.553792 0.437653 0.585936 0.419007
0.434884 0.490567 0.464113 0.474546 0.467498 0.489873
0.442627 0.451063 0.413689 0.480033 0.398784 0.451591
0.464113 0.474546 0.434884 0.490567 0.413689 0.480033
0.467498 0.489873 0.446512 0.505714 0.434884 0.490567
0.376744 0.500714 0.367442 0.487857 0.394654 0.489994
0.363954 0.473571 0.394654 0.489994 0.367442 0.487857
0.583721 0.380714 0.610465 0.395714 0.57582 0.397047
0.615116 0.41 0.57582 0.397047 0.610465 0.395714
0.618605 0.438571 0.597059 0.432072 0.617442 0.424286
0.618605 0.438571 0.619767 0.452857 0.586676 0.458039
0.504387 0.410682 0.524391 0.39998 0.531111 0.417126
0.490181 0.43659 0.510628 0.460873 0.481597 0.463415
0.524667 0.476687 0.510628 0.460873 0.546334 0.45917
0.597059 0.432072 0.585936 0.419007 0.617442 0.424286
0.571459 0.476818 0.595533 0.472428 0.591056 0.486622
0.586676 0.458039 0.617442 0.467143 0.595533 0.472428
0.398784 0.451591 0.413689 0.480033 0.382579 0.463305
0.394654 0.489994 0.382579 0.463305 0.413689 0.480033
0.413632 0.432903 0.398784 0.451591 0.381257 0.426829
0.47907 0.40202 0.504387 0.410682 0.479409 0.419938
0.618605 0.438571 0.586676 0.458039 0.597059 0.432072
0.597059 0.432072 0.586676 0.458039 0.553792 0.437653
0.479409 0.419938 0.504387 0.410682 0.490181 0.43659
0.44963 0.409967 0.467442 0.385714 0.47907 0.40202
0.537209 0.385714 0.557082 0.40961 0.524391 0.39998
0.531111 0.417126 0.524391 0.39998 0.557082 0.40961
0.546334 0.45917 0.586676 0.458039 0.571459 0.476818
0.553792 0.437653 0.510628 0.460873 0.490181 0.43659
0.44963 0.409967 0.413632 0.432903 0.39952 0.414001
0.442627 0.451063 0.398784 0.451591 0.413632 0.432903
0.442627 0.451063 0.458942 0.434574 0.481597 0.463415
0.490181 0.43659 0.458942 0.434574 0.479409 0.419938
0.557082 0.40961 0.553792 0.437653 0.531111 0.417126
0.490181 0.43659 0.531111 0.417126 0.553792 0.437653
0.586676 0.458039 0.546334 0.45917 0.553792 0.437653
0.571459 0.476818 0.524667 0.476687 0.546334 0.45917
0.490181 0.43659 0.481597 0.463415 0.458942 0.434574
0.44963 0.409967 0.47907 0.40202 0.479409 0.419938
0.413632 0.432903 0.458942 0.434574 0.442627 0.451063
0.44963 0.409967 0.479409 0.419938 0.458942 0.434574
