349.795 557.745 336.961 557.868 336.434 544.507
321.039 576.808 325.602 563.841 343.587 579.602
343.587 579.602 327.881 597.56 321.039 576.808
336.961 557.868 349.795 557.745 343.587 579.602
310 585 314 565 321.039 576.808
325.455 552.182 328.117 544.669 336.434 544.507
335.639 536.226 330.26 538.931 330.336 533.376
336.434 544.507 336.961 557.868 325.455 552.182
331.399 530.554 331.5 528.368 334.446 530.325
310 585 327.881 597.56 307 604
328.117 544.669 322 545 324.711 539.578
329.211 530.578 330.106 528.789 331.399 530.554
321.039 576.808 327.881 597.56 310 585
328.117 544.669 325.455 552.182 322 545
339.75 528.25 335.639 536.226 334.446 530.325
330.106 528.789 331 527 331.5 528.368
343.587 579.602 325.602 563.841 336.961 557.868
325.602 563.841 325.455 552.182 336.961 557.868
331.399 530.554 334.446 530.325 330.336 533.376
324 701 339.402 685.992 344 707
355.773 672.046 374 686.793 339.402 685.992
329.018 648.627 339.402 685.992 313 663
335.639 536.226 336.434 544.507 330.26 538.931
345.32 539.476 363 532 349.795 557.745
308 644 329.018 648.627 313 663
336.434 544.507 335.639 536.226 345.32 539.476
419 695 404 705 402.048 685.823
330.106 528.789 331.5 528.368 331.399 530.554
344 707 339.402 685.992 364 708
402.048 685.823 404 705 384 708
339.75 528.25 347.5 529.5 345.32 539.476
330.26 538.931 336.434 544.507 328.117 544.669
331.399 530.554 330.336 533.376 329.211 530.578
384 708 364 708 374 686.793
342.954 632.227 307 624 327.881 597.56
322 545 325.455 552.182 318 555
450.976 559.973 442 539 462 540
324.711 539.578 330.26 538.931 328.117 544.669
482 536 502 533 495.205 555.866
330.26 538.931 327.422 534.155 330.336 533.376
479.091 573.454 462 540 482 536
335.875 527.625 339.75 528.25 334.446 530.325
329.211 530.578 330.336 533.376 327.422 534.155
422 540 412 562.828 402 540
495.205 555.866 479.091 573.454 482 536
331.5 528.368 332 527 333.938 527.312
503.905 586.61 495.205 555.866 529 574
349.795 557.745 336.434 544.507 345.32 539.476
503.905 586.61 476.261 612.714 479.091 573.454
465 705 452.045 687.5 474.014 684.782
437.913 682.506 451.213 667.362 452.045 687.5
531 594 503.905 586.61 529 574
318 555 325.455 552.182 325.602 563.841
525 554 502 533 520 534
386.682 573.954 382 537 402 540
525 694 508.309 681.271 528 674
331 527 332 527 331.5 528.368
437.913 682.506 428 700 423 681
452.045 687.5 454 708 443 706
423 681 431.136 669.136 437.913 682.506
335.875 527.625 334.446 530.325 333.938 527.312
331.5 528.368 333.938 527.312 334.446 530.325
443 706 428 700 437.913 682.506
330.26 538.931 324.711 539.578 327.422 534.155
452.045 687.5 465 705 454 708
474.014 684.782 451.213 667.362 491.455 667.546
347.5 529.5 363 532 345.32 539.476
533 634 531 654 504.542 641.254
474.014 684.782 508.309 681.271 485 704
508.309 681.271 525 694 505 702
321.039 576.808 314 565 325.602 563.841
334.446 530.325 335.639 536.226 330.336 533.376
418 675 419 695 402.048 685.823
474.014 684.782 485 704 465 705
431.136 669.136 423 681 418 675
335.639 536.226 339.75 528.25 345.32 539.476
349.795 557.745 363 532 382 537
422 540 450.976 559.973 433.773 574.954
414.174 648.781 431.136 669.136 418 675
318 555 325.602 563.841 314 565
349.795 557.745 382 537 386.682 573.954
342.954 632.227 329.018 648.627 307 624
451.213 667.362 437.913 682.506 431.136 669.136
437.913 682.506 452.045 687.5 443 706
394.69 608.404 355.724 606.064 386.682 573.954
307 624 307 604 327.881 597.56
349.795 557.745 386.682 573.954 343.587 579.602
450.976 559.973 422 540 442 539
431.136 669.136 414.174 648.781 439.14 645.221
528 674 512.159 661.399 531 654
364 708 339.402 685.992 374 686.793
418 675 402.048 685.823 399.137 664.364
308 644 307 624 329.018 648.627
418 675 399.137 664.364 414.174 648.781
495.205 555.866 503.905 586.61 479.091 573.454
439.14 645.221 451.213 667.362 431.136 669.136
469.847 642.838 439.14 645.221 476.261 612.714
508.309 681.271 512.159 661.399 528 674
485 704 508.309 681.271 505 702
491.455 667.546 504.542 641.254 512.159 661.399
451.213 667.362 474.014 684.782 452.045 687.5
508.309 681.271 474.014 684.782 491.455 667.546
412 562.828 422 540 433.773 574.954
414.174 648.781 399.137 664.364 380.66 631.489
327.881 597.56 343.587 579.602 355.724 606.064
380.66 631.489 399.137 664.364 355.773 672.046
456.755 583.977 421.556 611.226 433.773 574.954
513.471 604.901 476.261 612.714 503.905 586.61
374 686.793 399.137 664.364 402.048 685.823
380.66 631.489 355.773 672.046 342.954 632.227
399.137 664.364 374 686.793 355.773 672.046
402.048 685.823 384 708 374 686.793
324 701 316 683 339.402 685.992
313 663 339.402 685.992 316 683
502 533 525 554 495.205 555.866
529 574 495.205 555.866 525 554
532 614 513.471 604.901 531 594
532 614 533 634 504.542 641.254
433.773 574.954 450.976 559.973 456.755 583.977
421.556 611.226 439.14 645.221 414.174 648.781
451.213 667.362 439.14 645.221 469.847 642.838
513.471 604.901 503.905 586.61 531 594
491.455 667.546 512.159 661.399 508.309 681.271
504.542 641.254 531 654 512.159 661.399
342.954 632.227 355.773 672.046 329.018 648.627
339.402 685.992 329.018 648.627 355.773 672.046
355.724 606.064 342.954 632.227 327.881 597.56
412 562.828 433.773 574.954 412.292 587.913
532 614 504.542 641.254 513.471 604.901
513.471 604.901 504.542 641.254 476.261 612.714
412.292 587.913 433.773 574.954 421.556 611.226
386.682 573.954 402 540 412 562.828
462 540 479.091 573.454 450.976 559.973
456.755 583.977 450.976 559.973 479.091 573.454
469.847 642.838 504.542 641.254 491.455 667.546
476.261 612.714 439.14 645.221 421.556 611.226
386.682 573.954 355.724 606.064 343.587 579.602
380.66 631.489 342.954 632.227 355.724 606.064
380.66 631.489 394.69 608.404 414.174 648.781
421.556 611.226 394.69 608.404 412.292 587.913
479.091 573.454 476.261 612.714 456.755 583.977
421.556 611.226 456.755 583.977 476.261 612.714
504.542 641.254 469.847 642.838 476.261 612.714
491.455 667.546 451.213 667.362 469.847 642.838
421.556 611.226 414.174 648.781 394.69 608.404
386.682 573.954 412 562.828 412.292 587.913
355.724 606.064 394.69 608.404 380.66 631.489
386.682 573.954 412.292 587.913 394.69 608.404
