346.897 280.406 353 286 343.409 282.629
347 354 351 334 366.469 342.673
503 278 508 273 509 280.5
349.5 304 347 294 356 296
351 334 352 314 365 325
455 485 435 487 443.267 468.667
356 296 359 306 349.5 304
343.409 282.629 341 275 346.897 280.406
359 306 365 325 352 314
506 258 506.264 259.982 504.875 259.25
506.264 259.982 506.529 261.965 504.75 260.5
506.529 261.965 504.5 263 504.75 260.5
464 344 460.03 370.619 444 349
365 325 366.469 342.673 351 334
510 288 503 298 503 288
384 340 366.469 342.673 365 325
486.895 372.237 503.636 358.943 498.046 392.887
384 340 404 346 379.973 372.415
379.973 372.415 347 354 366.469 342.673
379.973 372.415 404 346 409.812 375.421
487.909 433.782 481.692 456.76 461.177 438.879
346 374 379.973 372.415 350 394
347 294 353 286 356 296
495.94 413.61 498.046 392.887 516 408
347 354 379.973 372.415 346 374
443.267 468.667 463.202 466.017 455 485
388.734 458.606 375 482 362 454
362 454 360 434 388.734 458.606
362 454 375 482 357 474
506.264 259.982 504.75 260.5 504.875 259.25
409.812 375.421 401.318 405.557 379.973 372.415
388.734 458.606 395 485 375 482
475 483 463.202 466.017 481.692 456.76
375.17 397.349 401.318 405.557 378.024 419.995
350 394 375.17 397.349 356 414
360 434 356 414 378.024 419.995
388.734 458.606 415 486 395 485
424 349 444 349 434 371.39
463.202 466.017 443.267 468.667 461.177 438.879
443.267 468.667 415 486 426.773 451.046
507 265.5 504.5 263 506.529 261.965
503 278 509 280.5 503 288
508 273 503 278 504 268
504.5 263 507 265.5 504 268
484 336 500 318 517 328
522 348 523 368 503.636 358.943
503 298 509 308 500 318
353 286 347 294 343.409 282.629
510 288 503 288 509 280.5
415 486 443.267 468.667 435 487
359 306 352 314 349.5 304
509 308 503 298 510 288
350 394 379.973 372.415 375.17 397.349
509 308 517 328 500 318
463.202 466.017 461.177 438.879 481.692 456.76
507 265.5 508 273 504 268
506 258 504.875 259.25 505 258
503.636 358.943 517 328 522 348
475 483 481.692 456.76 495 480
507 448 481.692 456.76 487.909 433.782
475 483 455 485 463.202 466.017
481.692 456.76 506 468 495 480
486.895 372.237 484 336 503.636 358.943
470.508 415.17 461.177 438.879 428.174 411.017
517 328 503.636 358.943 484 336
426.773 451.046 415 486 388.734 458.606
498.046 392.887 521 388 516 408
484 336 486.895 372.237 464 344
486.895 372.237 498.046 392.887 470.508 415.17
470.508 415.17 495.94 413.61 487.909 433.782
409.812 375.421 404 346 424 349
506 468 481.692 456.76 507 448
511 428 507 448 487.909 433.782
464 344 486.895 372.237 460.03 370.619
366.469 342.673 384 340 379.973 372.415
498.046 392.887 503.636 358.943 521 388
521 388 503.636 358.943 523 368
495.94 413.61 516 408 511 428
424 349 434 371.39 409.812 375.421
356 414 375.17 397.349 378.024 419.995
461.177 438.879 443.267 468.667 426.773 451.046
378.024 419.995 401.318 405.557 402.776 433.92
402.776 433.92 388.734 458.606 378.024 419.995
470.508 415.17 498.046 392.887 495.94 413.61
444 349 460.03 370.619 434 371.39
447.685 393.644 428.174 411.017 434 371.39
409.812 375.421 428.174 411.017 401.318 405.557
388.734 458.606 360 434 378.024 419.995
511 428 487.909 433.782 495.94 413.61
470.508 415.17 487.909 433.782 461.177 438.879
461.177 438.879 426.773 451.046 428.174 411.017
470.508 415.17 460.03 370.619 486.895 372.237
409.812 375.421 434 371.39 428.174 411.017
434 371.39 460.03 370.619 447.685 393.644
401.318 405.557 375.17 397.349 379.973 372.415
402.776 433.92 428.174 411.017 426.773 451.046
460.03 370.619 470.508 415.17 447.685 393.644
470.508 415.17 428.174 411.017 447.685 393.644
428.174 411.017 402.776 433.92 401.318 405.557
426.773 451.046 388.734 458.606 402.776 433.92
