0.403369 0.20029 0.410465 0.204286 0.399313 0.201878
0.403488 0.252857 0.40814 0.238571 0.426126 0.244767
0.584884 0.198571 0.590698 0.195 0.59186 0.200357
0.406395 0.217143 0.403488 0.21 0.413953 0.211429
0.40814 0.238571 0.409302 0.224286 0.424419 0.232143
0.52907 0.346429 0.505814 0.347857 0.515426 0.334762
0.413953 0.211429 0.417442 0.218571 0.406395 0.217143
0.399313 0.201878 0.396512 0.196429 0.403369 0.20029
0.417442 0.218571 0.424419 0.232143 0.409302 0.224286
0.588372 0.184286 0.588679 0.185702 0.587064 0.185179
0.588679 0.185702 0.588987 0.187118 0.586919 0.186071
0.588987 0.187118 0.586628 0.187857 0.586919 0.186071
0.539535 0.245714 0.534918 0.264728 0.516279 0.249286
0.424419 0.232143 0.426126 0.244767 0.40814 0.238571
0.593023 0.205714 0.584884 0.212857 0.584884 0.205714
0.446512 0.242857 0.426126 0.244767 0.424419 0.232143
0.566157 0.265884 0.585623 0.256388 0.579124 0.280633
0.446512 0.242857 0.469767 0.247143 0.441829 0.266011
0.441829 0.266011 0.403488 0.252857 0.426126 0.244767
0.441829 0.266011 0.469767 0.247143 0.476525 0.268158
0.567336 0.309844 0.560107 0.326257 0.536253 0.313485
0.402326 0.267143 0.441829 0.266011 0.406977 0.281429
0.403488 0.21 0.410465 0.204286 0.413953 0.211429
0.576674 0.295436 0.579124 0.280633 0.6 0.291429
0.403488 0.252857 0.441829 0.266011 0.402326 0.267143
0.515426 0.334762 0.538607 0.33287 0.52907 0.346429
0.452016 0.327575 0.436047 0.344286 0.42093 0.324286
0.42093 0.324286 0.418605 0.31 0.452016 0.327575
0.42093 0.324286 0.436047 0.344286 0.415116 0.338571
0.588679 0.185702 0.586919 0.186071 0.587064 0.185179
0.476525 0.268158 0.466649 0.289684 0.441829 0.266011
0.452016 0.327575 0.459302 0.346429 0.436047 0.344286
0.552326 0.345 0.538607 0.33287 0.560107 0.326257
0.436245 0.283821 0.466649 0.289684 0.439563 0.299997
0.406977 0.281429 0.436245 0.283821 0.413953 0.295714
0.418605 0.31 0.413953 0.295714 0.439563 0.299997
0.452016 0.327575 0.482558 0.347143 0.459302 0.346429
0.493023 0.249286 0.516279 0.249286 0.504651 0.265279
0.538607 0.33287 0.515426 0.334762 0.536253 0.313485
0.515426 0.334762 0.482558 0.347143 0.496247 0.322175
0.589535 0.189643 0.586628 0.187857 0.588987 0.187118
0.584884 0.198571 0.59186 0.200357 0.584884 0.205714
0.590698 0.195 0.584884 0.198571 0.586047 0.191429
0.586628 0.187857 0.589535 0.189643 0.586047 0.191429
0.562791 0.24 0.581395 0.227143 0.601163 0.234286
0.606977 0.248571 0.60814 0.262857 0.585623 0.256388
0.584884 0.212857 0.59186 0.22 0.581395 0.227143
0.410465 0.204286 0.403488 0.21 0.399313 0.201878
0.593023 0.205714 0.584884 0.205714 0.59186 0.200357
0.482558 0.347143 0.515426 0.334762 0.505814 0.347857
0.417442 0.218571 0.409302 0.224286 0.406395 0.217143
0.59186 0.22 0.584884 0.212857 0.593023 0.205714
0.406977 0.281429 0.441829 0.266011 0.436245 0.283821
0.59186 0.22 0.601163 0.234286 0.581395 0.227143
0.538607 0.33287 0.536253 0.313485 0.560107 0.326257
0.589535 0.189643 0.590698 0.195 0.586047 0.191429
0.588372 0.184286 0.587064 0.185179 0.587209 0.184286
0.585623 0.256388 0.601163 0.234286 0.606977 0.248571
0.552326 0.345 0.560107 0.326257 0.575581 0.342857
0.589535 0.32 0.560107 0.326257 0.567336 0.309844
0.552326 0.345 0.52907 0.346429 0.538607 0.33287
0.560107 0.326257 0.588372 0.334286 0.575581 0.342857
0.566157 0.265884 0.562791 0.24 0.585623 0.256388
0.547102 0.29655 0.536253 0.313485 0.497877 0.293584
0.601163 0.234286 0.585623 0.256388 0.562791 0.24
0.496247 0.322175 0.482558 0.347143 0.452016 0.327575
0.579124 0.280633 0.605814 0.277143 0.6 0.291429
0.562791 0.24 0.566157 0.265884 0.539535 0.245714
0.566157 0.265884 0.579124 0.280633 0.547102 0.29655
0.547102 0.29655 0.576674 0.295436 0.567336 0.309844
0.476525 0.268158 0.469767 0.247143 0.493023 0.249286
0.588372 0.334286 0.560107 0.326257 0.589535 0.32
0.594186 0.305714 0.589535 0.32 0.567336 0.309844
0.539535 0.245714 0.566157 0.265884 0.534918 0.264728
0.426126 0.244767 0.446512 0.242857 0.441829 0.266011
0.579124 0.280633 0.585623 0.256388 0.605814 0.277143
0.605814 0.277143 0.585623 0.256388 0.60814 0.262857
0.576674 0.295436 0.6 0.291429 0.594186 0.305714
0.493023 0.249286 0.504651 0.265279 0.476525 0.268158
0.413953 0.295714 0.436245 0.283821 0.439563 0.299997
0.536253 0.313485 0.515426 0.334762 0.496247 0.322175
0.439563 0.299997 0.466649 0.289684 0.468345 0.309943
0.468345 0.309943 0.452016 0.327575 0.439563 0.299997
0.547102 0.29655 0.579124 0.280633 0.576674 0.295436
0.516279 0.249286 0.534918 0.264728 0.504651 0.265279
0.520564 0.281174 0.497877 0.293584 0.504651 0.265279
0.476525 0.268158 0.497877 0.293584 0.466649 0.289684
0.452016 0.327575 0.418605 0.31 0.439563 0.299997
0.594186 0.305714 0.567336 0.309844 0.576674 0.295436
0.547102 0.29655 0.567336 0.309844 0.536253 0.313485
0.536253 0.313485 0.496247 0.322175 0.497877 0.293584
0.547102 0.29655 0.534918 0.264728 0.566157 0.265884
0.476525 0.268158 0.504651 0.265279 0.497877 0.293584
0.504651 0.265279 0.534918 0.264728 0.520564 0.281174
0.466649 0.289684 0.436245 0.283821 0.441829 0.266011
0.468345 0.309943 0.497877 0.293584 0.496247 0.322175
0.534918 0.264728 0.547102 0.29655 0.520564 0.281174
0.547102 0.29655 0.497877 0.293584 0.520564 0.281174
0.497877 0.293584 0.468345 0.309943 0.466649 0.289684
0.496247 0.322175 0.452016 0.327575 0.468345 0.309943
